279086
54722
126601
151951
236371
578396
250732
218862
160502
99530
201747
65078
339237
550056
247492
124324
87692
111007
83116
159855
132082
200555
83728
265574
172168
173401
73299
81752
74722
122832
39176
124292
53707
142127
150516
102223
57749
66421
84716
132700
56254
69550
103361
71355
61449
117986
111187
125380
148959
116173
133698
170775
160092
111361
67386
46699
87349
48184
68478
88136
160312
147775
41679
99316
107620
169586
117861
120640
100553
272853
191524
104802
105257
215658
70349
155749
221272
118863
123746
102966
111991
59768
30565
57952
56184
36375
135590
92915
165064
145670
124585
109143
98222
109347
92651
51676
84042
40442
89410
69351
98918
43515
84805
33556
78150
94828
126114
93337
89174
114990
183457
235600
130555
91876
49668
61525
59537
90921
72794
50355
33936
34693
49803
65117
128276
90236
53228
78206
156137
30025
32949
43640
19713
54517
41463
18247
61857
31717
43632
91708
46227
102687
17184
39797
35398
49788
42111
38339
70831
42166
65818
78813
27448
76248
19245
52319
54392
76131
101189
42831
46766
52622
81900
60421
111838
43660
55909
32636
24372
48637
61063
24198
36585
56883
38343
43381
53754
101998
81888
73650
30105
27648
131894
56615
80583
49337
105049
45219
38837
44573
42017
33801
25061
84192
79548
164697
128246
29465
24264
96286
52552
84384
164615
96109
27405
78916
65416
101073
124090
35620
91321
56928
108363
64473
43335
76877
79744
40780
67262
57428
21468
51601
90237
68704
92247
36381
60463
201007
151149
88590
64456
77974
137476
47598
61538
85741
236621
71138
45372
50895
134249
109887
95923
86268
50952
67942
27714
65346
158220
282046
170007
79027
150840
154346
135915
240586
213874
228925
217832
256044
329576
370511
225839
342084
396020
554809
614969
576568
524371
714831
852262
499538
957760
1208301
2321508
2002594
1885815
2838576
1783362
3532938
5287242
3221175
4804028
5974452
5461993
2938287
4593859
5854893
2946001
7112851
6810378
8751552
5282252
6183548
5304948
10558134
5407066
6968137
9341052
13093229
8186422
9000182
8840927
8542320
7690737
9342094
8232573
10091608
7191588
10960289
13315814
7954769
8200266
7511205
6549290
6368000
5782241
7186580
4480488
8139701
6739116
5160311
4449707
5485260
4674460
4282988
3036800
3583451
2450217
4893923
3650893
2778055
2813073
1935344
3386887
3907538
4676901
14321011
4277490
7510843
35810653
5489384
9771280
50791678
5448736
13334200
72429889
4848882
14449782
95539951
7122096
15507153
124766491
10663910
19449035
188953738
22717995
21105991
196131274
44951676
17213478
158803366
84494956
9541063
138866375
113865573
22026397
53372407
183421046
21732059
16480566
165101794
28070024
7013587
76722078
83629921
19467811
12028158
137009865
37759508
28779863
49108006
112120550
41845887
12745637
4516575
30922290
5486796
10545927
29786369
29078557
13219522
15788204
4638006
7427748
4866017
2379024
3048768
880588
1897419
2246004
2524118
12633984
3964748
266985
798143
788937
253411
246085
226379
376505
552169
808842
534738
277680
535887
702501
520471
227152
237128
118659
559687
654467
426902
446447
517107
796054
161443
341409
385378
376873
348361
83094
169640
144688
123260
783451
332448
486753
360726
366168
904822
531744
346565
505378
638064
247931
429685
833210
391519
70837
508441
365146
484424
231129
149351
140420
82055
110728
352223
486521
232607
385152
101202
647969
568457
66518
169509
91682
237319
275171
118988
346659
122328
363645
949873
153064
206732
43152
89175
76086
124336
283013
63170
224435
644278
393542
293969
356220
121327
20549
252178
519352
470795
127294
58568
139307
251943
260850
117837
269872
309103
100166
471986
276907
68653
244812
140603
132681
295657
115551
177883
724551
235363
120320
206020
98540
32979
302350
510813
11986
24987
72573
226118
68685
89354
341509
139437
204423
421259
203528
131812
306480
72922
77849
99240
159874
27153
44550
186176
49718
57062
91918
116813
228370
128353
222872
164291
179840
49280
164611
145410
267962
269337
18852
63293
89302
447241
125409
90782
43603
29975
95184
217563
142434
187614
888811
153632
543042
248093
506752
51665
824326
372854
422217
322341
354084
211789
117664
110124
22251
118411
135631
302195
377461
358102
203397
119740
93588
168214
63737
36296
56339
70305
17032
195862
73052
17932
34976
30793
75240
121230
31058
87853
63324
35099
80930
56748
49857
14499
31383
33243
103315
19158
22927
37949
54390
37425
21497
20427
646
